576 MONUMENTA XAVERIANA

61 061111611 [6] 601161 ¹⁸ 51161165, 0165761100 611 61165, 116Ζί600056 600-
161 001110 Dios. ’

7. Ε1[016] ¹⁹ 0116 1105 60011160161011 65105 065651165, y toda
60116116 1100116, 011150 13105 111165110 861101 1162611116 161116 11161060
06 01161611116 061 6 5611111 y 00110061 1101 6Χ11611611016 1111101165 00-
565 606106 06 105 06105 6 6511611105505 161110165, 0116 6161161111οο
110116, 01161100 Dios 16 1161111116 y 61 116116 mucha 01101111111060 11616
105 116Ζ61, 57 06 105 1611160105 0116 1101111116 116 06 57561 01161100 6111
5611161611165 11606105 56 6116, 0011116 165 1611160101165 061 6116111100,
[0116] 11010116 [5611611] 161005 06 0011161 105 06Χο 06 650161711, 57 110
1101 110 561 61105 11616 110161. En suma ²⁰ 06 10005 105 1611160105 611
16165 1161111105, 111051161 1111157 grande 61111110 0011116 6161161111οΟ, 10-
16111161116 0650000611οο 1101111116 06 51 y conflando 016110611161116 611
]3105, 111165165 10065165 11161065 y 651161611065 0116 116116 611 61, y
0011 1611 grande defensor y valedor 0116106156 1101111116 06 111051161
001761016, 110 0110611οΟ (16 561 1761106001. Μ1101165 176565 1161156 0116,
56 13105 111165110 861101 6 61 (1611101110 60165061110 61001165 1161165
1116570165 06 165 0116 161116, 0116 bien 56 011150 17611061 601161 (116 y
1100116; 11010116 1111101165 176565 1116 1101116 60116110 06161116, 01Ζ161100
0116 611 116111110 651617611105 0116 56 1761106116.

8. Y como 610611101110 110 1111606 11165 11161 116Ζ61 06 quanto
13105 16 06 111061, 6111 5611161611165 1161111105 11165 56 116 06 1611161 16
0650011116ῃο6 6111 ]3105 0116 61 1111600 (161 6116111100. Ρ61111116 13105 6
61 0611101110 065001150161 y avexar ²¹ 601161165 0116111165, 0116 06 1111-
511611111165 0611611 06 00111161 611 511 (3116001, 110 1011161100 11161065
651161611οο 611 61; 1101 6516 11161 1611 grande 06 111151161111111060 viben
06500115016005 1111101105 06 105 0116 001116061011 6 5611711 6 ]3105, 1101
110 1111 606161116, 1161761100 16 5116ν6 01115 06 X.⁰ 00111 perseveran—
cia. Ε516 111156116 1611 1161101056 57 0611056 116116 16 111151161111111060;
0116 001110 61 1101111116 56 015110116 6 11000, por confiar en 557, 51611οο
11116 0056 1611 1160116116, quando se ve em 11606551060 06 1116570165
11161065 06 165 0116 116116, 0116 16 65 1010600 1016111161116 00111161 611
13105, 0616506 06 61111110 611 165 00565 grandes 11616 11261· bien dela
016016, 0116 13105 111165110 861101 16 06 11616 65116161 611 61; 57 los⁴

 

¹⁸ achar, ms. ¹9 E1·...‚ ms·
2⁰ En suma, ms, ²¹ Sic: lege vejar.

 

