Ltss. I.—V1TA S. FRANCJSCI 139

135 031105 0313 ayudar ἐι 105 Ρ30105 00 105 11303105, 000 53013
bien 000 0303 vno 001105 3013 00 03531 00 105 1003105 {a (10000
105 3013 01001300. Y ya 000 0510 no podia ser, 50 10501010 00 101-
031 ἐι 13 India, para 00001105 00050131 y ayudar, 013000000105
00100300105; y 05000131100010 00550303 0100131 0010105 ἐι ]3000,
00100010000 000 00 01 50 00013 113201 mayor 010000110 000 00
10035135 01135 031105. Μ35 001000 50 00311030 no 50 5311513213
000 0000, 10013 ya 000000100 005500 00 50 0013000 00 10100131
5100013 001 310003 via 001131 ἐι 10301105131 01 Εο3000110 00 13
China, tornando entre manos 0113 010010553 mayor y 1005 010001-
1053 000 10035, como 51 113513 00100005 no νο1013 1100110 0303, y
135 01135 100130 meis 00000035 y pocas, y no vuiera 0355300 00
01135 105 11303105 000 10013 030050100. Μ35 00 00, 00010 01 Ρ3010
3013 0100110 000 10013 00050103 y 001100303 50 vida a todo 00-
0010 00 0305300105 y 00110105 y εἱ 13 1005103 0100110 001 50101010
(10 Dios y bien 00135 311035, no 113213 000013 001105, 30105 105
300303 00503000 00100 medios 00 50 100105011010010 y 001003.

Y 010110 000 05 0053 00 0503010 0005100131 13 01300023 00 50
0013000, 0005 ἐι 01 5010 031050130 00035 y 00000035 10035 05135
0100105535, 135 003105 ἐι 00501105 30013, 000 0355311105 (10 1105-
0100105 00 13 (3010030131, 005 03105000 130135 y 130 grandes, 000
005 113200 10001135 170205 temer y 00031 51 135 1101005 (10 00001
110031 30013010. Tanto 00000 00 vn 0013000 11001300 01 05131 ν3210

,de amor proprio y 00 1003 00003003 00 51, y 11000 00 00003003 y Ι

31001 00 Dios, 00100 01 133010 10 10013; 001 10 0031 0005110 80001
10 10013 130 005300113οο 01 0013000, 000 013 03032 0313 100101 00
0131000 01 mundo, 0310501000010 possible y 10011 13 0000015100
00 1000 01.

Ι)05 0053510 1000130 ἐι 101031, como digo, esta 010010553 00
13 China: vna era, 001000 001 13 1010110301όο 000 10013 10 03105-
013 13 China 13 mas 005000513, 0313 00001 11320150 110010 00 0113,
00 0030135 1101135 hay 00 1003 13 0001111030, 001 01001535 00311-
03005 000 00 50 lugat 1003101005. La⁴ 0113 13200 05, 001000, 300-
0001053300005, 003010 ai 10 000 1003 31 05100120 y otras cosas
001100050100105 ἐι 13 000113, 100030 ἐι 105 0111005 001 100105 y efe-
10103005 y 00 muy baxa estima, todalsslvia, quanto ἐι 135 101135

