 

EP1s'r. 100.-29 JANUARH 1552 685

que hum 500 0111001010 3013, 6 006 6516 613 bom, 5610 0311101031
06 0611110111 1031.

20. Ρ316060-11165 006 1510 nom 000513 561, 001006 6165 1610
006 113 061000105, 6 006 65165 530 10305 6 inimigos 03 ,0613030
11010303; 6 006 56 13605 1013 11010, 0010 011313 0005535 130 10335;
30 006 16 16500100611105, 006 13605 05 011313 11005 6 6165 56 1126130
10305, 6 061· 1510 05 castigarat 13605, 6 560 castigo 030 110113 fim:
30 006 010130 6165 006 13605 030 11613 101561100101050, 00515 130
0106111613 601 03511031. Μ3515 01Ζ13ος 006 56 11613 1161030 006 13605
· 0113313 110 genero humano (como 005 01Ζ131005), 006 001 006 03053
0611011513 006 05 061000105, 561000 130 01305, 1105 1610135610, 110515
13605 011313 05 11010605 0613 0116 110 5611115601 (3551 00100 005 01-
ziamos); 6 0116 56 136115 11013 bom, non 011313 05 11010605 eom
1310135 fraquezas 6 110011030065 3 0603005, 1035 05 011313 56111
1161111010 mal: 6 0116 6516 011001010 0010 00013 561 bom, poys 616
fez 0 imfferno, 000553 130 1033 00100 116, 6 11010 1610 0130306 0001
05 006 13 1130, 00515 0613 5610016 1130-06 65131, 56001000 005 01-
ziamos; 6 006 56 13605 1013 bom, 030 0613 05 06Ζ 1030031060105
006 060, 00515 6130 1310 0611101165 11613 0031031.

21. E 001006 0’35 5035 1610035 1610 006, 311003 006 651610
11²0 imfferno, 56 01131031610 polos fumdadores (135 061135, 56130
110165 (16 133, muyto 6 1005110 1031 11165 0316013 06 13605 030 161 05
11010605, 006 1130 30 imfferno, 0601101113 1606100030, dizerndo que
35 51135 16515 116130 10315 fumdadas 6111 0130306 00 006 11613 3 1651
06 Deus. A 10035 65135 0160010135, 006 110130 35 01110010365, 001
5003 ,01303 06 13605 00550 Senhor hos satisfizemos 06 01306113,
: que 1103030 53115161105; 6 0613 1035101 01301116513030 03 1015611001-
* dia 06 13605, 530 05 130065 10315 50160105 3 16230, 00 006 numqua
¹ jamais vy ξ(1161016 infie13 530 1310 00110505 6 61000110οο5 610 016-
ss gumtar, 130 065610505 06 saber, que numqua 3031130 06 pregum-
³ tar 6 (16 13131 305 0111105 35 0011535 00611165 1650010061005 335 51135
“ pregumtas. Nom 5311130 6165 110 mundo ser redomdo, ne[m] 5311130
110 001550 do sol, pregumtando eles per estas 0005535 6 061 001135,
f - como 035 00016135, relampagos, ehuba 6 0606, 6 001135 5610611130-
⁸ tes; a 006 005, 165000106οᾶ0 6 declaramdo—lh’as, 1103030 11105110
'2 0001010105 6 5311511651105, 161000-005 001 11010605 000105, Q que

