556 MONUMENTA XAVERIANA

3 00160 16 01326; 6100610 601000106016 3 105 006 56 651061630,
ν6061600056 3 si 10151005, [tornando medios] para eso.

14. Mucha 0116160013 ay 061 006 eonfia 60 Dios 16016000
1000 10 066653110, 3 61 006 60003 60 Dios 510 16061 6053 alguna,
0110300056 0610 066653110, 0001600010 16061, 001 1035 imitar 3
Christo: y ansi por 10 consiguiente, mucha 0116160613 va 06 105
006 116060 166, 650613003 y 60003063 60 Dios fuera de 105 0611-
gros 06 13 1006116, 3 105 006 116060 fe, 650613003 y 60003003 60
Dios, quando por 50 31001 y 56101610, 06 170100130 56 00060 60
peligros quasi evidentes 06 13 1006116, 00016000105 601131 56 001-
516560, 0065 006 006030 60 50 11061130 06Χ31105 0 101031105. Ρ3-
1606106 006 105 006 60 peligros continuos 06 13 1006116 01016160
001 solamente 561011 3 Dios, 510 0110 16506610 y fin, 60 0060
116000 17600130 [3] 3001[1]65661 13 0103 y 065631 13 1006116 0313
01011 y 161031 0313 5160016 600 Dios 60 61 61610, 0065 6513 no 65
17103, 5100 vna 6001100303 1006116 y 065116110 06 13 gloria, para
13 0031501005 6113005. ’

15. Dizenme 105 1303065, 00651105 1161103005 y 6000306105,
006 600 00501105 1730 3 ]3000, 006 56 656300311231130 06 00501105
105 Ρ30165 06 105 1303065 51 005 1116160 601061 63106 0 0656300;
varnos determinados 06 601061 60011003106016 01613 30165 006 031
656300310 3 ninguno. Dizennos 105 006 06 3113 1716060, 006 65
muy grande 61 0010610 06 105 Ρ30165 006 60 ]3000 ay; y 01260
001 00603 muy 616113, 006 500 muy 0060661005 061 006010, ansi
06105 grandes como 06 105 06006005. Ε513 606013 05 doy 0313
006 651615 31 6300 06 003013 060651030 16061005 105 006 1731005 3
]3000 06 561 5060111005 y ajudados 600 135 0600135 013610065 y
santos sacrifieios 06 10005 105 1161103005 06 la, 0600113 00003013
061 nombre 06 ]651’15.

16. En 61 dia 0 0150013 06 S. Juan del 3000 06 1549 parti- ·
1005 06 Malaca para Japc'm: pasamos 3 vista 06 13 China sin tomar
116113 01 006110 alguno. De la China 3 Japc'm ay 00260135 160-
goas: 01260 105 0110105 006 3 10 0 XV 06 Agosto 061 1015100 300
llegaremos 3130010 06 3113 he 06 65616011 130135 60535 y 130135
0311160131103065 06 13 116113, 06 135 gentes, 06 505 60510100165 ,
y 171035, y 06 105 6003005 60 006 171060 366163 06 505 65611- ,

