 

   
   
 
 
 
 
 
 
 
 
 
 
 
 
 
 
 
 
 
 
 
 
 
 
 
 
 
 
 
 
 
   

94 MONUMENTA XAVERIANA

paz como 06 guerra3 06 1030613 006 113513 105 mas baxos labra-
00165 116060 505 dias y 116011105 0616110103005, 60 006 1130 06
360011 31 56101610 06 50 86001, 6303 vno 60 505 1110111105 101015-
161105, conforme 3 50 00311030 y 3 13 003011030 06 1161135 006 116-
060. Ι)6 10 0031 1111016131116016 56 siguo 006, 300006105 reyes son
muy grandes y 5600165 06 10061105 1611005, 10031113, 60010 116060
1611311103 06513 0130613 1003 13 116113, y los vasallos no 16 030
6053 0113 alguna sino su 56101610 010103110, a 006 500 obligados,
y 60100 00116060 01105 11661105, 01 tributos, ni 160135 mas 006
30061 11060 31102, 006 53630 (16 135 1161135 006 16561030 11313 51
01651005, 500 601000106016 muy 11011165 06 010610.

Lo 2.⁰ 56 signe 006, 516000 muy 1100610505 06 gente, y 511-
01600056 600 1006110 651300, y 1132160οΟ muy grandes 6116161105,
00 gastau 6351 0303; 1101006 10005 105 511060 a 50 propria 60513,
conforme 313 obligacion 006 116060, 00 gastando 61 mas 06 50
010103110, 1101006 no 165 (13 06 601061, 01 alguna otra paga 006
30061135 1161135; 06 506116 006, 516000 31110005 061105 130 11006-
10505 60 gente, 006 113165660 vnos reyes 06 Europa, son 60 113-
216003 y 16013 130 11011165, 006 003010 a 6510 00 113165660 5600-
165. Y como 500 06513 manera 5600165 06 13 vida y 113216003 06
505 vasallos, son 061105 501116 0130613 16011005 y 1606160613005,
300006 10061135 ν6265 105 principales 6303116105 y 6311113065, 006
65130 06113Χο 061105, 003000 500 1100610505 56 ligan entre 51, 06
131 0130613, 006 01 5161111116 105 5600165 1106060 113261 1000 10 006

0016160, y 01061135 116265 00 1106060113261 mas 06 10 006 a 61105 ’

165 11316566.
Ε5131100]31100 1611311100 60 01061535 5061165 06 gente: la
1.”ι 65 06 105 5600165, 006 1131030 10005, 006 500 105 006 0130030

y 56001630 13 116113, 60116105 003165 hay mucha diferenoia 06 ’

0100103065 y 111661010606135, 60100 500 60116 00501105 105 600065,
10310065565 y 000065, 300006 65105 116060 01105 001011165, y hay

0135 13116030 06 grados, y 10005 61105 viuen 600 0106110 651300

conforme 3 50 110061 y 11161010606135.

La 22¹ 506116 06 gente 65 06 105 religiosos, 006 1130130 1100-
205, 006 500 10061105 60 0001610 y 1100610505; 1101006 3116006 06
13 1606160613 006 61 11061110 165 11606 1101 razon 06 50 651300, hay

 

  

