EP1ST. 9o.— 5 NOVEMBms 1549 611

elle, fazemdo offereeimiento (16 51135 vidas por 5611 amor 6 gloria,
do 0116 111653 6 65111113 05 561111605 0116 1116 fazem, por 1111151105 0116
56130.

21. Ε51351 3113161113ᾶο5, 11010116 1130 5613 111115110 0116 311165 (16
(10115 3111105 1105 65616113, 11613 0116 1111151105 (16 1105 0111105 116111130 3
]31130. Por tanto, desponde-uos 3 11115631 111115113 111111111(13(16, 1161-
seguindo-uos 3 1105 0111105 1116511105 6111 35 6011535 011(16 56111515 011
(161161165 (16 5611111 repugnangzia, trabalhando, 6011 10(135 35 101635
0116 Deos 1105 (13, 11613 6011116661-1105 11116110111161116 11613 0 0116
50515, 6 (1’301151 61656616515 6111 1113106166 6 65116131163 6 6011113063 6
311101 (1613605, 6 6113110306 60111 0 proximo, 110515 (13 (16560111131163
propria 11366 3 6011113063 (16 13605, 0116 116 3 ν61(13(165113; 6 por
esta 1113 3611316515 111111111(13(16 111161101, (13 01131 611 10(135 35 1131165,
6 1113515 6111 65135, 1616515 major 11666551(13(16 (10 0116 611(1365; 3111-
Ζ31-1105 0116 1130 (16511615 11130 (13 1103 011111130, 6111 0116 0 110110
1105 16111, 56 1130 for pera 11053 601111153ος 11010116 (1’6516 (1656111ᾶο
116111 algumas 1165035 3 1161(161 3 111111111(13(16111161101·, crescendo
611 alguma 501)61113; 6 311(1311(10 0 tempo, 1130 6011116661100 0113111
(1311050 1116 hee, vem 05 (1116 [os] 10111131130 3 1)61(161-11165 3 (16113630,
6 61165 3 (1656ηο1116131·56, 1130 3611311ᾶο 60115013630 (1611110 116111
1013.

22. Ρο1· 131110 vos rogo (1116 1013111161116 1105 fundeis 611 Deos
611 10(135 1105535 6011535, 56111 60111131 6111 11050 110361· 6 531161 011
011611130 11111113113; 6 (16513 1113116113 1360 601113 0116 651365 311316-
1113ᾶο5 11613 10(135 35 grandes 3(11161·51(13(165, 3551 6011101365 601110
6511111111365, 0116 1105 110(16111 vir, 110515 Deos 161131113 6 6510163 05
111111111(165, 11111161113111161116 301161165, 0116 6111 35 6011535 11601161135 6
baixas 111130 51135 1130116235 601110 6111 1111151 61310 651161110, 6 56 11611-
66130 6111 61135. Το(105 65165 11611(10-56 6111 111310165 1111111136ὄ65 0116
jamays 56 111130, 61111311ᾶο 611 61135, 116111 0 (1611101110 60111 56115 1111-
11151105, 116111 35 16111116513ᾶ65 1111151135 (10 mar, nem 35 gentes 11135
6 barbaras, nem 011113 otiatura alguma 11165 110(16 6111116661, 53-
11611ᾶο 66110, pola 111115113 60111131163 0116 611 Deos 16111, 0116 56111
111611115530 6 11661163 5113 1130 1)0(16111 fazet 113(13.

23. Ε 601110 5613 manifesto 3 6116 10(135 51135 61116116ὄ65 6
“ (1656105 (16 0 5611111, 6 35 6113111135 10(135 6516111 (16113Χο (16 5113 0116-

 

