EPIST. 100.—29 JANUARII 1552 695

rnuyto lauradas, 6 0 (1116 10(105 (1126111, 16113 muyto riqua (16
111111135 56(135. Τ611110 1101 11011613 (105 6111115, (1116 113 111111713 gemte
n’a China (16 (111761535 1615; 6 segumdo 3 611111011113630 (1116 d’eles
1611110, 1131666 (1116 (16116111 (16 561 111011105 011 judeus.

51. ΝΞ10 1116 53106111 (11261 56 ahy 61151305. Creyo (1116 6516
311110 (16 52 irey 133, 0111(16 65133 El-rey (13 (3111113, 11010116 116 16113,
domde 56 110116 muyto 361666111131 3 1617 (16 11050 86111101 Jhu.
X.⁰; 6 56 31117 3 166611656111, 56113 gramde ajuda pera 6111 131130
descomffiarem (135 561135 6111 (1116 616111; 1101(1116 (16 1113111110, (1116
h& huma 1111111611131 61(13(16 (13 0111113, 3 ]311Ξ10, 110111 31117 561130
11111113 113176553 (16 11131 (16 01160113 legoas.

52. Gramdissima 65116131163 1611110 6111 136115 110550 Senhor
que 56 113 -(16 311111 63111111110, 1130 5011161116 11613 05 11111305 (13 Com—
113111113, 11135 11613 10(135 35 1611111065, 11613 poderem 10(105 05 53111-
105 Ρ3(1165 116111317611111113ᾶο5 (1’6135 6011111111 56115 53111105 (1656105,
6011176116111ἀο muyto 1111111610 (16 gemtes 30 63111111110 (13 1761(13(16.
Ε 3517 rogo 6 11660, 1101 311101 6 56111160 (16 136115 11050 86111101, 3
10(135 36116135 11655035, (1116 171116111 60111 (1656105 (16 11131111165131 110
1101116 (16 136115 6111 161135 (16 1111116175, (1116 56 3161111116111 (16 1116 611-
comendar 3 136115 6111 51135 (16170135 0136065 6 53111105 536131116105,
11613 (1116 110553 (1656011111 alguma terra, domde 6165 1105530 vir 3
613 6 6011111111 56115 53111105 (1656105.

53. Da Imdia nam 65616110 1161111111113 6011553, porque 05 11-
111305 (13 Companhia 6561617611 35 1101735 (16 qua. Eu eheguey de
Jap50 com muytas 101635 6011101365 6 60111 11611111111135 6511111111365;
6 11016111 6511610 n’a misericordia (16 136115 110550 86111101 6 n’os
11161661111611105 11111111111155111105 (13 1110116 [6] 13311130 (16 110550 Senhor
Jhu.', que me (1313 111363 11613 fazer 6513 viage[m] (13 China 13111
113113111053. Eu 651011 133 eheyo (16 63115, 11016111 (111311110 ais 101635
6011101365 1131666-1116 (1116 numqua tyve 111315 (135 (1116 agora 1611110.
05 11311311105 (16 1130311131 60111 gemte discreta, desej 053 (16 531161
6111 (1116 1617 56 113-(16 5311131, 113Ζ6111 6011151ἕο muyto gramde com-
* temtament03 6 1311110 (1116, 6111 [A]manguehe, (1611015 (1116 110 Du-
. que nos deu 116611613 11613 11161131 3 1617 (16 136115, 11613 1311110 110
υ ¹ numero das 11655035 (1116 171111130 3 pregumtar 6 (1151111131, (1116 1116
,ἵ , 1131666 (1116 60111 1761(13(16 podria dizer, que em minha vida numqua

 

