 

ΕΡ15Τ. 100.-29 JANUARn 1552 683

1131666-1116 (56σ11111(10 0 557110 (1613 11613 11111510 gramde) (1116 56113
verdade. Ε5133 agora 11111110 (1651101(13 6 (111611113(13; 11016111 10(13-
via me 1131666 (1116 317613 111315 (16 66111 11111 03535.

16. Visto (1116 316113 110111 6513113 paciffiqua 11613 56 1113111-
165131 3 1657 (16 13605, 10111311105 011113 ν6Ζ [3] Amanguche, 6 (16- ’
11105 30 (111(1116 (16 Amanguche 111111135 031135, (1116 1611311311105 (10
Gobernador 6 Β15110, 0011111111111 11165611116 (1116 1116 111311(13113 6111
5571131(16 amizade. F olgou muyto 6516 1311(1116 3557 00111 110 1116-
5611116 001110 00111 113 03113. 01116660-1105 (11111135 0011535, 11135 nom
(11115611105 3661131 1161111111113, 31111113 (1116 1105 (13113 111115710 01110 6
111313. Nos 61111301116 116(1111105 (1116 56 alguma 1116166 1105 (1116113
famer, que 1105 110111 (111611311105 011113 (1616 111315 (1116 (1656 116611163
6111 51135 161135 11613 1116ἕ31 3 1657 (16 X.⁰, 6 11613 (1116 05 (1116 (1111-
serem 101113113 3 10111356111. Ε16 00111 111115710 311101 1105 (1611 6513 11-
661163; 6 3557 11131111011 110135 11135 (13 61(13(16 11001 501111105 6111 5611
1101116, (1116 616 folgaua que 3 1657 (16 136115 56 1116ξ356 6111 51135 161-
135, 6 (1116 616 (13113 11661163 (1116 05 (1116 3 (11115656111 1011131 3 101113-
56111. Com isto jumtamente nos (1611 1111111 1110516110 3 1113116113 (16
colegio, 11613 6513111105 11’616. Ε513111(10 11’6516 1110516110 171111130
1111157135 1165035 3 ouvir 3 0168013630 (13 1657 (16 136115, (1116 01(11113113-
11161116 pffigauamos 03113 (113 (11135 176265. N’O cabo (13 1116113630
561111116 31113 (1651111135, (1116 0111131130 111115710. (3011111111311311161116
61311105 3011113ᾶο5 6111 respomder 3 preguntas ou 6111 1116531. Vi-
111130 3 65135 111611361565 1111151105 Ρ3(1165, 6 1161135, 6 fidalgos, 6
011113 gemte muyta: caje ⁷ 6513113 561111116 3 03553 01163; 6 1111157135
176065 110111 0311130 11’613. Ρ10130 13111135 35 pregumtas (1116 1105 fize-
130, (1116 110135 repostas que 1116 (1311311105 00111160130 35 1615 (105
53111105, 6111 (1116 01130, 5616111 131635, 6 3 (16 136115 ν61(13(16113. Ρ61-
5611613130 1111157105 (1135 1165135 preguntas 6 (1651111135; 6 (1611015 (16
1111157105 (1135 passados, 56 00111663130 3 fazer 01151305, 6 05 111111161-
105 (1116 56 11126130 10130 36116165, (1116 1113575 1105505 inimigos 56

11105113130 3557 n’as pre}ga<;6es 001110 n’as (1651111135.
17. Ε5165, (1116 56 13Ζ130 01151305, 1111157105 (1’6165 116130 fidal-

’ gos; 6 (1611015 de ffeitos 01151305 116130 1311110 110505 amigos, quanto

⁷ Lege quasi.

